2.000000000000000000e+01 7.600000000000000000e+01 3.579999923706054688e+01 9.900000000000000000e+01 7.900000000000000000e+01 1.040000000000000000e+02 7.600000000000000000e+01
2.000000000000000000e+01 7.600000000000000000e+01 3.590000152587890625e+01 9.400000000000000000e+01 7.200000000000000000e+01 9.900000000000000000e+01 6.900000000000000000e+01
2.000000000000000000e+01 7.600000000000000000e+01 3.590000152587890625e+01 9.500000000000000000e+01 6.000000000000000000e+01 1.010000000000000000e+02 7.700000000000000000e+01
2.000000000000000000e+01 7.600000000000000000e+01 3.670000076293945312e+01 9.900000000000000000e+01 6.100000000000000000e+01 1.100000000000000000e+02 6.500000000000000000e+01
2.000000000000000000e+01 7.600000000000000000e+01 3.629999923706054688e+01 9.400000000000000000e+01 8.000000000000000000e+01 9.600000000000000000e+01 7.500000000000000000e+01
2.000000000000000000e+01 7.600000000000000000e+01 3.620000076293945312e+01 9.900000000000000000e+01 7.600000000000000000e+01 9.700000000000000000e+01 7.400000000000000000e+01
2.000000000000000000e+01 7.600000000000000000e+01 3.590000152587890625e+01 9.800000000000000000e+01 6.700000000000000000e+01 9.700000000000000000e+01 7.500000000000000000e+01
2.000000000000000000e+01 7.600000000000000000e+01 3.629999923706054688e+01 9.400000000000000000e+01 7.800000000000000000e+01 9.600000000000000000e+01 6.600000000000000000e+01
2.000000000000000000e+01 7.600000000000000000e+01 3.679999923706054688e+01 9.900000000000000000e+01 7.400000000000000000e+01 1.130000000000000000e+02 6.700000000000000000e+01
2.000000000000000000e+01 7.600000000000000000e+01 3.650000000000000000e+01 9.800000000000000000e+01 6.900000000000000000e+01 1.000000000000000000e+02 7.400000000000000000e+01
2.000000000000000000e+01 7.600000000000000000e+01 3.670000076293945312e+01 9.400000000000000000e+01 7.700000000000000000e+01 9.900000000000000000e+01 7.000000000000000000e+01
2.000000000000000000e+01 7.600000000000000000e+01 3.579999923706054688e+01 9.500000000000000000e+01 7.500000000000000000e+01 1.170000000000000000e+02 6.500000000000000000e+01
2.000000000000000000e+01 7.600000000000000000e+01 3.590000152587890625e+01 9.400000000000000000e+01 7.900000000000000000e+01 1.070000000000000000e+02 7.900000000000000000e+01
2.000000000000000000e+01 7.600000000000000000e+01 3.670000076293945312e+01 9.800000000000000000e+01 7.900000000000000000e+01 9.800000000000000000e+01 6.100000000000000000e+01
2.000000000000000000e+01 7.600000000000000000e+01 3.620000076293945312e+01 9.600000000000000000e+01 7.000000000000000000e+01 9.500000000000000000e+01 6.900000000000000000e+01
2.000000000000000000e+01 7.600000000000000000e+01 3.590000152587890625e+01 9.400000000000000000e+01 7.400000000000000000e+01 1.050000000000000000e+02 7.500000000000000000e+01
2.000000000000000000e+01 7.600000000000000000e+01 3.679999923706054688e+01 9.700000000000000000e+01 7.700000000000000000e+01 1.080000000000000000e+02 6.500000000000000000e+01
2.000000000000000000e+01 7.600000000000000000e+01 3.650000000000000000e+01 9.800000000000000000e+01 6.100000000000000000e+01 1.050000000000000000e+02 7.900000000000000000e+01
2.000000000000000000e+01 7.600000000000000000e+01 3.579999923706054688e+01 9.500000000000000000e+01 7.500000000000000000e+01 1.110000000000000000e+02 6.500000000000000000e+01
2.000000000000000000e+01 7.600000000000000000e+01 3.600000000000000000e+01 9.700000000000000000e+01 7.200000000000000000e+01 1.030000000000000000e+02 6.500000000000000000e+01
2.000000000000000000e+01 7.600000000000000000e+01 3.670000076293945312e+01 9.800000000000000000e+01 7.500000000000000000e+01 1.180000000000000000e+02 6.800000000000000000e+01
2.000000000000000000e+01 7.600000000000000000e+01 3.579999923706054688e+01 9.400000000000000000e+01 7.000000000000000000e+01 9.500000000000000000e+01 6.200000000000000000e+01
2.000000000000000000e+01 7.600000000000000000e+01 3.609999847412109375e+01 9.400000000000000000e+01 7.800000000000000000e+01 9.500000000000000000e+01 6.400000000000000000e+01
2.000000000000000000e+01 7.600000000000000000e+01 3.590000152587890625e+01 9.500000000000000000e+01 6.900000000000000000e+01 9.100000000000000000e+01 6.900000000000000000e+01
2.000000000000000000e+01 7.600000000000000000e+01 3.620000076293945312e+01 9.500000000000000000e+01 6.200000000000000000e+01 1.060000000000000000e+02 7.900000000000000000e+01
2.000000000000000000e+01 7.600000000000000000e+01 3.900000000000000000e+01 9.400000000000000000e+01 7.900000000000000000e+01 1.010000000000000000e+02 7.100000000000000000e+01
2.000000000000000000e+01 7.600000000000000000e+01 3.809999847412109375e+01 9.000000000000000000e+01 6.500000000000000000e+01 1.160000000000000000e+02 7.600000000000000000e+01
2.000000000000000000e+01 7.600000000000000000e+01 3.820000076293945312e+01 9.500000000000000000e+01 7.000000000000000000e+01 9.900000000000000000e+01 7.100000000000000000e+01
2.000000000000000000e+01 7.600000000000000000e+01 3.800000000000000000e+01 9.000000000000000000e+01 6.200000000000000000e+01 1.110000000000000000e+02 6.400000000000000000e+01
2.000000000000000000e+01 7.600000000000000000e+01 3.770000076293945312e+01 9.400000000000000000e+01 6.700000000000000000e+01 1.050000000000000000e+02 7.000000000000000000e+01
2.000000000000000000e+01 7.600000000000000000e+01 3.840000152587890625e+01 9.000000000000000000e+01 7.000000000000000000e+01 1.060000000000000000e+02 6.400000000000000000e+01
2.000000000000000000e+01 7.600000000000000000e+01 3.850000000000000000e+01 9.000000000000000000e+01 7.600000000000000000e+01 1.150000000000000000e+02 6.700000000000000000e+01
2.000000000000000000e+01 7.600000000000000000e+01 3.870000076293945312e+01 9.400000000000000000e+01 7.200000000000000000e+01 9.600000000000000000e+01 6.100000000000000000e+01
2.000000000000000000e+01 7.600000000000000000e+01 3.750000000000000000e+01 9.100000000000000000e+01 6.300000000000000000e+01 1.020000000000000000e+02 7.200000000000000000e+01
2.000000000000000000e+01 7.600000000000000000e+01 3.779999923706054688e+01 9.300000000000000000e+01 6.400000000000000000e+01 1.110000000000000000e+02 6.800000000000000000e+01
2.000000000000000000e+01 7.600000000000000000e+01 3.759999847412109375e+01 9.000000000000000000e+01 6.900000000000000000e+01 1.060000000000000000e+02 6.900000000000000000e+01
2.000000000000000000e+01 7.600000000000000000e+01 3.729999923706054688e+01 9.300000000000000000e+01 7.200000000000000000e+01 1.100000000000000000e+02 7.600000000000000000e+01
2.000000000000000000e+01 7.600000000000000000e+01 3.740000152587890625e+01 9.400000000000000000e+01 7.000000000000000000e+01 9.500000000000000000e+01 7.300000000000000000e+01
2.000000000000000000e+01 7.600000000000000000e+01 3.850000000000000000e+01 9.300000000000000000e+01 6.300000000000000000e+01 1.110000000000000000e+02 7.700000000000000000e+01
2.000000000000000000e+01 7.600000000000000000e+01 3.759999847412109375e+01 9.500000000000000000e+01 6.100000000000000000e+01 1.200000000000000000e+02 6.500000000000000000e+01
2.000000000000000000e+01 7.600000000000000000e+01 3.890000152587890625e+01 9.500000000000000000e+01 7.300000000000000000e+01 1.060000000000000000e+02 7.400000000000000000e+01
2.000000000000000000e+01 7.600000000000000000e+01 3.750000000000000000e+01 9.400000000000000000e+01 7.600000000000000000e+01 1.130000000000000000e+02 6.600000000000000000e+01
2.000000000000000000e+01 7.600000000000000000e+01 3.770000076293945312e+01 9.100000000000000000e+01 6.200000000000000000e+01 1.170000000000000000e+02 7.100000000000000000e+01
2.000000000000000000e+01 7.600000000000000000e+01 3.740000152587890625e+01 9.100000000000000000e+01 7.400000000000000000e+01 9.500000000000000000e+01 7.100000000000000000e+01
2.000000000000000000e+01 7.600000000000000000e+01 3.759999847412109375e+01 9.000000000000000000e+01 7.700000000000000000e+01 1.130000000000000000e+02 6.100000000000000000e+01
2.000000000000000000e+01 7.600000000000000000e+01 3.809999847412109375e+01 9.000000000000000000e+01 7.400000000000000000e+01 9.400000000000000000e+01 7.700000000000000000e+01
2.000000000000000000e+01 7.600000000000000000e+01 3.820000076293945312e+01 9.200000000000000000e+01 7.700000000000000000e+01 1.010000000000000000e+02 7.600000000000000000e+01
2.000000000000000000e+01 7.600000000000000000e+01 3.870000076293945312e+01 9.200000000000000000e+01 6.000000000000000000e+01 1.160000000000000000e+02 6.000000000000000000e+01
2.000000000000000000e+01 7.600000000000000000e+01 3.729999923706054688e+01 9.100000000000000000e+01 7.600000000000000000e+01 1.010000000000000000e+02 7.000000000000000000e+01
2.000000000000000000e+01 7.600000000000000000e+01 3.720000076293945312e+01 9.000000000000000000e+01 6.500000000000000000e+01 9.600000000000000000e+01 7.700000000000000000e+01
